nTasks=40;
nCPUs=15;
rt=[2971.7049099659143 2635.6224160577594 4403.7638448365715 4400.427283129882 2893.2500336317066 1739.9236161391705 2069.5449930341842 2000.1124393791824 565.7764206244823 3242.74463866643 4614.742014895028 3722.6358684952297 4986.659607881657 2919.1055524907088 3331.151795287389 4586.32917116227 1644.3058250366237 2778.075641445209 3394.7116583867205 2785.129375765543 3231.7976666833 4044.1463957601572 4220.522405508225 3162.9439092456737 2286.5540698655136 4768.0725816106515 509.4517939399316 4320.534402753516 630.8932753821607 1843.6075178077435 2281.4767588514546 1979.5511609040161 4437.237708402316 2702.450236618842 1304.1321503083611 3314.1203680024796 673.0545816507854 3826.7865602143465 899.1170417365711 3041.1882236129168];
rc=[10000.0 10000.0 10000.0 10000.0 10000.0 10000.0 10000.0 10000.0 10000.0 10000.0 10000.0 10000.0 10000.0 10000.0 10000.0];
