nTasks=40;
nCPUs=15;
rt=[629.5125725038201 1124.89687932691 2586.479410811262 3946.354596445933 4202.681453732116 2234.4935709612555 3709.489334932176 878.1985758644047 895.1193429775631 4615.957919688218 4771.017866303086 975.599378917801 889.6572232620482 4323.036222671439 2263.698200895037 3922.5793651925865 653.8766983145583 4085.2031177267822 2593.0620992031595 2210.1285902147797 3145.743695267236 4000.9461155969584 1556.1516527507224 2399.453786142465 4304.561425313072 942.275547351283 4406.203389156051 4473.045659011483 2947.615256629959 3774.8320474765246 794.4066751018814 3775.5365307336424 4623.930234665336 4903.346610314954 3696.3746920030694 2600.4416000738092 1575.733206779463 4394.509548432607 4517.8375981152285 4263.498673812459];
rc=[10000.0 10000.0 10000.0 10000.0 10000.0 10000.0 10000.0 10000.0 10000.0 10000.0 10000.0 10000.0 10000.0 10000.0 10000.0];
