nTasks=40;
nCPUs=15;
rt=[3116.366786482782 4491.860376693716 4860.817700842007 3325.959164509904 1361.1013218131027 4529.086818608135 1816.7020730983154 525.0834198141893 3739.794517977899 4870.167103028417 4966.915775349451 2826.11011673816 4057.6381818822692 2617.1216848684635 4904.771327184178 2453.8740337855224 4578.299980538171 1673.9763513764738 1232.2888807047198 2554.994284265374 2951.8478963281386 4332.874803492223 3145.5721142443203 1101.8714978914736 4099.199527817485 1064.2722339411516 2474.4972482283974 4047.031903310865 720.8145436951359 1506.9328293836998 1390.0905825880327 2496.6093118454964 4055.296489182683 2853.2404539760687 3697.9554325077424 3498.027383335437 4032.9643057121752 3637.1708933419777 605.5629473430303 4085.607039538496];
rc=[10000.0 10000.0 10000.0 10000.0 10000.0 10000.0 10000.0 10000.0 10000.0 10000.0 10000.0 10000.0 10000.0 10000.0 10000.0];
