nTasks=40;
nCPUs=15;
rt=[1748.157617793534 4507.304241821945 2578.2846879730027 2638.635896034739 4172.976838363322 2854.759022621767 4012.901943910647 2394.194112943912 4324.763476212655 1769.6647280125205 1221.9380387662713 3913.375356403508 4834.945301870932 2614.049506468214 3148.2009513856897 681.4785409370334 1513.0073641220813 1680.3167302529396 3828.0216769259073 2281.4355432873836 1386.4390007716224 1158.5321805899675 2047.9817158363153 1281.5524174576367 4270.132034200196 4938.3002040172305 3373.738346692704 3873.892617051042 3913.7073370796375 1154.7241421198169 1457.4482594559836 3464.2265747787787 827.9971654155329 1984.5857760744814 4499.914187157069 955.5187673788864 4637.77065828157 3036.6195718199565 2210.5414450474545 2480.550167184818];
rc=[10000.0 10000.0 10000.0 10000.0 10000.0 10000.0 10000.0 10000.0 10000.0 10000.0 10000.0 10000.0 10000.0 10000.0 10000.0];
