nTasks=40;
nCPUs=15;
rt=[4320.551319696292 3341.531525884024 552.1910759745781 959.5949803893297 516.1137737773832 4820.991695175132 2275.6275797496387 766.8252175915393 731.6519706497961 936.6981998914634 2438.6229463607415 716.2052757622046 1418.1096674270264 2406.941776230021 1483.9978463191628 1138.0143597581696 3473.973408045622 4556.922356029032 1896.6629530044136 1403.97048525245 4600.046517165481 2166.423283366865 4003.5841358787793 1841.1574855165732 2559.911312330713 4756.773853597567 4078.9710630933423 3314.7015491545244 2496.9697525407337 1809.1077749464746 767.2942137392524 2063.1660511531372 1298.1931928724766 1041.633559528699 2330.7564329851807 2225.4824610331543 3248.1343547832635 2177.8593929725193 3051.45047716491 1218.410071106016];
rc=[10000.0 10000.0 10000.0 10000.0 10000.0 10000.0 10000.0 10000.0 10000.0 10000.0 10000.0 10000.0 10000.0 10000.0 10000.0];
