nTasks=100;
nCPUs=40;
rt=[4078.2090416658316 2836.8370624397335 4939.800214645749 2683.782569520598 1763.9478022055991 1641.2638802207653 2114.48688711627 3939.7455542986163 609.2366381033241 3467.6749012608257 4624.392295730214 2621.1319186604564 1096.786246269309 4383.168197230269 1001.1093672721688 1026.69940864186 4668.304224673897 3295.38463813601 4246.442085601825 2830.886704172389 745.386908679917 1930.1918610028877 2519.381194937112 1797.8684503945744 1996.747220808587 4300.040419889858 4929.198409530726 3982.431340287695 3560.4605359741777 3057.4160593185975 4955.898841889926 2375.264128011997 4667.933425988713 1746.7989428259787 4721.28139492256 3395.424033949161 4537.498163673306 3874.008324485031 2324.2402573056697 4975.283560312961 3293.14149037253 1056.0604415549233 1366.0243739080902 2847.481390494164 650.4162018499478 3899.981246130681 2915.883487829587 2112.548231217769 1342.2760857556063 4093.5811926957826 2536.200870466936 570.636998626956 1175.2739480064997 3676.98701843107 3128.450537723512 2202.399077003052 4296.408551642766 2428.758300673975 1177.2149713973217 1543.8610440010195 1359.7476633598726 3870.2380655273937 2486.2447392674903 1822.133811140525 1119.945216610673 1968.7304947854093 1276.1369246561376 897.9248649464905 833.3098002546241 2727.332118092769 2747.2909315771303 3862.714727942275 4078.687236495025 1937.1102471345741 1586.249063165006 4812.389044748292 1840.4936419287924 4717.26438830294 1327.0887622169603 4841.446626117419 992.5878962533053 2333.6690305045504 1153.0056662352683 3725.23357075614 4879.797606828636 1847.1272534441161 3970.8123184884826 2357.2518713859954 2532.35806109087 714.876062802281 4041.479904679815 2611.600435681115 1236.928356996032 1057.9604712731461 4086.4802846481166 2334.2588544466475 1757.7887630547195 2687.291456581724 4638.7588583185225 2566.555686931356];
rc=[10000.0 10000.0 10000.0 10000.0 10000.0 10000.0 10000.0 10000.0 10000.0 10000.0 10000.0 10000.0 10000.0 10000.0 10000.0 10000.0 10000.0 10000.0 10000.0 10000.0 10000.0 10000.0 10000.0 10000.0 10000.0 10000.0 10000.0 10000.0 10000.0 10000.0 10000.0 10000.0 10000.0 10000.0 10000.0 10000.0 10000.0 10000.0 10000.0 10000.0];
