nTasks=100;
nCPUs=40;
rt=[1765.060927501934 4624.335701822981 2272.461041138995 1732.284327848873 550.5956874800202 2214.700224620853 4950.204366713006 3271.397725174627 684.9426878032116 1288.6172380531543 3703.262587028797 697.6709092287433 4380.964186805701 2916.4479749630473 4330.499983866535 3590.879298915478 843.5741324366516 1612.9625954720423 2877.153560419559 1405.1260829498367 2262.9293227233375 4812.572261782198 2837.385956362047 1280.072536440795 1321.7010834097669 640.9656525912802 3334.9014050851124 1638.2159839788255 2307.6446589757707 2827.8570252133113 3408.5712723699626 1511.1312693138589 3713.7397162725847 1666.9541609828414 3677.651300223591 4367.803761568866 1189.629183576835 1432.7013050873459 4997.378555130996 2657.4994919474216 3722.3044499774182 1890.8272746593072 2835.961889952467 3719.2259229547067 1397.5556664997637 2968.933460253183 4610.470210335364 3452.5118628383675 4921.423214244841 3944.2113955743707 4602.244563196899 1840.3367639195608 1180.2056806931382 933.878029979503 3470.8300312451142 1401.62892328028 1273.143555872076 947.7976745948986 1933.4389486951407 4792.0106096289655 3227.3747191158814 2947.06691663857 3840.6992742087855 727.9536532632364 1903.4662706165273 4781.724904607931 2766.0110265127914 2342.106330302343 1162.5022371140717 2888.473043465196 3303.4600235730213 4966.673616303048 1862.4291931353926 2955.6985247657835 1360.0310929342354 1221.518126064252 2704.8094020596714 572.8502398651808 4225.582062146686 807.3683472255639 1637.636439406862 3923.363789434101 4723.844731076173 3664.385525910411 3754.092884839295 2915.562628642791 1034.0001305143514 2501.4285900532577 1852.0906864745837 1510.0810707796281 2801.4633112351626 1114.6277341146565 3450.991875442271 2510.851726709462 3164.104381829712 4473.017384153574 2955.4486722097754 2856.423557519558 4430.705556798479 1282.6708916690152];
rc=[10000.0 10000.0 10000.0 10000.0 10000.0 10000.0 10000.0 10000.0 10000.0 10000.0 10000.0 10000.0 10000.0 10000.0 10000.0 10000.0 10000.0 10000.0 10000.0 10000.0 10000.0 10000.0 10000.0 10000.0 10000.0 10000.0 10000.0 10000.0 10000.0 10000.0 10000.0 10000.0 10000.0 10000.0 10000.0 10000.0 10000.0 10000.0 10000.0 10000.0];
