nTasks=100;
nCPUs=40;
rt=[2336.0439694161923 4868.364825728026 534.4830285213303 1604.1841235064921 2565.4527452320917 4610.289337263414 1868.24287253765 3083.8279108877255 1926.2705039948016 1681.5032071869116 4897.916139529456 1501.1795786634993 1933.6157924955305 4404.225950327302 1961.2241261559702 3424.174709451989 4703.624374186729 4106.76704905929 1853.2128964711512 1683.3249908160508 4212.386740228432 1961.2236891490106 3755.62180660562 4556.44954234813 2267.083498732147 4253.469967392668 3918.7371698355614 4232.7485669488815 536.7590130186809 4896.3225911325735 4214.30385188834 659.9612761470768 600.1884978131865 1818.402093959665 4347.622292284208 4887.112458291212 2175.557050851492 690.53724917114 4200.800889260878 3407.4522026586915 4492.768361463091 4413.972493106084 4820.854907278883 3426.89949938499 3451.3121135023953 4255.762288865848 4469.047417108737 3197.249217901744 1309.9610878108515 4380.020048331826 1108.0654438419156 4529.311730487585 4009.1195475123145 1976.058586265921 4635.898896878865 1139.4644852964998 1286.1703132019109 2710.410854111436 4238.987511869821 4854.206056673986 2762.6094323602497 4431.491450278581 3781.0552527187924 981.6267691305318 2529.424271832478 549.2862646736969 3535.7864907556286 4638.099062398444 2060.6246002738376 3400.1271919123965 3163.6502741205873 1154.3152180405925 1791.020221344174 1268.433598263201 3561.618661532207 2261.445201833864 3171.4593809759044 2307.9704139306114 3459.3242219103986 521.7775309275094 4518.166378016609 820.0011435398774 4253.979744245812 819.2251234444152 2471.95509265918 4289.398422051288 1128.8386475603227 806.9907213352019 3796.301854319369 2089.3264307687614 988.1983124235198 1113.7515065805853 2515.444786575739 4013.7313713209705 4405.749550869456 1644.9816135705757 4639.947259790454 1456.1072315675024 1308.8277513529124 4332.833420726794];
rc=[10000.0 10000.0 10000.0 10000.0 10000.0 10000.0 10000.0 10000.0 10000.0 10000.0 10000.0 10000.0 10000.0 10000.0 10000.0 10000.0 10000.0 10000.0 10000.0 10000.0 10000.0 10000.0 10000.0 10000.0 10000.0 10000.0 10000.0 10000.0 10000.0 10000.0 10000.0 10000.0 10000.0 10000.0 10000.0 10000.0 10000.0 10000.0 10000.0 10000.0];
