nTasks=100;
nCPUs=40;
rt=[3277.6229719351263 3960.921969029946 2177.4785040519264 2007.9695056517596 574.7400462156947 3998.938329448236 722.2786007923817 4947.77767678596 4195.676588273582 3082.203328066514 1666.5718796522879 1286.3940331658237 4413.967864679598 2726.4005772853684 3428.28769854808 3623.6037426339085 3772.9505733991127 2223.934400804049 4966.51295416149 540.3022863808569 4152.614144454265 3124.4937440296926 1235.3512901130957 1124.843619446156 3799.9225206455485 4735.144766925374 3475.0553351124604 544.9025079902534 4483.949925386128 3224.6883342433307 2194.2971114028546 1609.4532858499158 1638.576083503367 907.4504346510965 4160.5782100237675 707.5999102275827 3493.3106640360197 3447.2336099081117 1094.4262125198943 3268.2073337242646 4482.326919405434 2531.442288167804 4866.5049973762725 4776.808272827715 4968.540519041967 1043.5565585212923 2095.4130840684875 4511.932010454379 2702.0188190862978 1392.9431773844776 3529.578162768294 1744.2062115815077 4482.570979599289 2367.238508095721 3746.759183538848 1118.140712893006 1703.773902099494 2357.163563372016 1207.0120120609877 4195.216446338369 1866.97683972092 2925.482895487984 2177.155626785365 2404.683661660393 572.7259451504463 1543.4527882408136 1601.4593850335038 4938.2067793477945 3811.6877574892424 1727.008774711673 2859.132094873329 3688.4490640746967 4453.2166363145425 975.2990719290576 3736.4168473723867 3726.7140784290127 562.8555344268929 2111.258557673355 3680.337823128872 1455.9523688321171 4073.5800669278524 1677.4939490768147 4534.869548225148 2188.606402921616 747.3728987993325 3392.293022321344 4829.277942119203 1988.8276365205254 3843.011717054032 4952.179989646048 3263.379908466831 735.6097988901864 2747.014543728517 3207.193231649878 3374.53910098501 1451.9061164028842 3155.8684642841936 1545.5522941551699 4706.6224321622485 3400.9915263883004];
rc=[10000.0 10000.0 10000.0 10000.0 10000.0 10000.0 10000.0 10000.0 10000.0 10000.0 10000.0 10000.0 10000.0 10000.0 10000.0 10000.0 10000.0 10000.0 10000.0 10000.0 10000.0 10000.0 10000.0 10000.0 10000.0 10000.0 10000.0 10000.0 10000.0 10000.0 10000.0 10000.0 10000.0 10000.0 10000.0 10000.0 10000.0 10000.0 10000.0 10000.0];
