nTasks=100;
nCPUs=40;
rt=[981.7395370100041 3516.5360834275443 3318.5481691795953 3483.6278251573467 3063.62991279265 2252.040198204379 2558.525182650665 4161.405447085524 1006.4393701726781 3005.02693898968 2950.257220821292 4131.129297860564 4607.49890774486 963.0584484457695 3603.4703925401873 4265.586773309844 3658.255037994896 751.5563493601375 3657.521865480397 4076.7767628285437 3735.726814184916 554.2145727931215 4927.13749843219 4984.7946697153 4924.775475303527 1868.993441891926 4913.140414926038 3665.2148026015675 1484.806440970865 3867.7298295399487 928.9028517523698 1682.5894161332637 2701.7102139078493 3662.3564269790636 1621.4906342758563 998.710613025738 888.0181894616853 3392.1827482420354 2939.4415776227474 1075.6455752599763 4684.120031120216 510.7202622599955 1042.8363836959934 4041.4365370503397 3266.999366892696 4014.247235422096 2082.8190992533227 787.9823283884311 1292.9115993001924 3929.9064314036355 954.6928018322569 651.0419575026228 4864.802270644348 3416.7243081084757 1868.6179867553699 2354.3381749849996 1796.232432936981 2651.4924470786677 3852.710196075438 2090.7486273569057 3449.5873527408876 1155.7022074830825 2360.5675120602727 2652.579173608857 1598.6262574067644 1815.9834273098886 3605.0260063149985 2702.5091121079367 1150.324900759054 2189.6024719877405 1466.031599915942 3565.4343550573535 2240.6356802275304 1274.6279431101948 1761.6534937446531 858.9539303596437 4963.060752149075 1564.14721685709 3930.683400905654 4171.872154047892 798.0011691008954 1228.007204852131 2742.549596509682 1139.3913811717512 3023.7475456254992 3129.7156961791757 1516.3206793204372 1410.564076003066 1328.0420116915668 4594.948313462732 4391.880165233795 2257.054738540972 4514.803268170201 1302.3580292926317 4580.090978464281 4892.785724295746 1557.5679118427317 2717.559439499958 3286.0320472113854 1521.0669405291865];
rc=[10000.0 10000.0 10000.0 10000.0 10000.0 10000.0 10000.0 10000.0 10000.0 10000.0 10000.0 10000.0 10000.0 10000.0 10000.0 10000.0 10000.0 10000.0 10000.0 10000.0 10000.0 10000.0 10000.0 10000.0 10000.0 10000.0 10000.0 10000.0 10000.0 10000.0 10000.0 10000.0 10000.0 10000.0 10000.0 10000.0 10000.0 10000.0 10000.0 10000.0];
