nTasks=100;
nCPUs=40;
rt=[3330.2378058087575 4607.319544268979 1231.2671614357544 1702.1918569413078 2165.82464851678 4132.037294822932 4378.0451681078075 3236.742042324702 3148.44664634386 4055.9731804350004 2547.702987261194 1380.3494489146615 764.13881140996 4155.623438285342 3309.6322853382335 2343.163115309928 790.6221409012992 2484.1746499551773 2999.342944709897 3258.998285754634 2521.8826139901407 3916.271303357847 904.8014723300109 510.3662397474487 4263.615990689206 4739.750818286148 1198.6567981278204 1906.876134361822 1035.0631401506125 2030.3771822683689 4954.023277705319 4355.877328633846 2552.2367771207155 1398.1628233005586 3418.2036582313076 728.230403886661 2858.9331092487064 2914.664599135371 2654.9494628310376 1431.721320151365 3695.9113369924635 3787.7758912784466 3278.0561309565805 4829.169565288677 3781.2224492891996 3034.832828832448 4607.7082186085645 4474.238077024736 1306.7066010428239 1555.0574847575997 2630.761200227564 2399.021338553622 908.0951595403026 2004.2999193498458 1818.5512891348599 4427.086475279584 1150.1225150561872 949.0824222903816 4165.936533799406 654.5553434979329 1820.1547770380587 4056.558423132767 1369.1076364814269 2902.2287613155922 4714.0731089992705 1936.5710681012777 994.1660668009565 3830.9592461568727 3727.160651299509 2652.1067307197427 4521.172567858492 2483.885016748507 4535.744611652253 3761.910973753078 3207.878310697648 2424.7503115003456 3278.8688488428297 2435.797416276912 4108.172658292841 929.7479465579013 2761.7424246370447 609.5366469247572 3018.6438766886267 3020.254496057629 1361.2542170097706 3541.7562744303577 2454.8580450571208 4634.707597674247 4337.815782590929 3289.0862376803534 4707.506403292849 1215.5812951111184 602.5562366330068 1517.7583522290029 1709.6911583586927 910.1704081600594 4779.139200560085 3267.41038405544 3911.440757745063 4618.576634397823];
rc=[10000.0 10000.0 10000.0 10000.0 10000.0 10000.0 10000.0 10000.0 10000.0 10000.0 10000.0 10000.0 10000.0 10000.0 10000.0 10000.0 10000.0 10000.0 10000.0 10000.0 10000.0 10000.0 10000.0 10000.0 10000.0 10000.0 10000.0 10000.0 10000.0 10000.0 10000.0 10000.0 10000.0 10000.0 10000.0 10000.0 10000.0 10000.0 10000.0 10000.0];
