nTasks=100;
nCPUs=40;
rt=[4338.7328950339415 1136.766818650703 515.237610506353 3267.177611586503 4468.556374147697 2998.1936507052224 3434.120940336732 2478.6534917000636 3111.6831518074973 2261.109486251817 3218.993437605598 2825.1404048697796 2113.760213504851 736.80608534126 1976.1469288445253 4553.026509139306 3108.5320597476007 1226.0822404088049 3604.0379874424775 2497.5506515929724 4170.353647072874 523.6812701336121 4569.3756421742455 2703.4255313894027 671.581833520982 2806.6992384023533 1133.1238396780332 3293.9960941688423 4952.0279609429645 4163.09375928061 3797.8250244913884 1009.8663238150375 4085.584844389931 3885.033728543757 1060.7265068151692 3849.4791230835294 4042.2490083492116 2258.9815312853234 3267.062212162224 1952.8776198459134 1309.3006818117856 4536.235428470733 3903.626202680417 2639.9390331760305 1963.852574407866 748.8340553633071 2161.198487255593 2395.4855313740236 748.1362962438772 1610.3716708989903 2744.8454505673976 1508.9273467287453 4306.6334819645 4649.505094482192 2801.255652911744 1913.673783101748 2004.2323075160307 2295.4784467378267 4980.696344946496 4696.488337365343 959.7592298721204 3903.75461299671 1360.9448428093722 1967.6154518029643 3147.5772334728003 4151.363408301117 2075.327051647844 1369.6908732853246 4835.005880248758 4453.776068426699 3142.8435057122733 2149.9848912243187 1869.5978135363896 4659.807952094197 780.34250426242 894.3378742232903 4687.59903885587 4210.6099920007155 4244.168807677386 1117.0910144140425 4073.658293770449 1793.5986771191665 1790.8354366964134 673.7775480098934 2937.5116629956015 3877.250263680206 3479.6452128572823 981.5644855410114 831.0066729798933 4893.404871467355 2783.172692412901 952.2340315466761 2210.4055966506967 3387.2621385912853 2590.70171358473 3395.8257241275146 3479.2394659235188 2257.226426405906 1778.4416417991026 840.0251420018137];
rc=[10000.0 10000.0 10000.0 10000.0 10000.0 10000.0 10000.0 10000.0 10000.0 10000.0 10000.0 10000.0 10000.0 10000.0 10000.0 10000.0 10000.0 10000.0 10000.0 10000.0 10000.0 10000.0 10000.0 10000.0 10000.0 10000.0 10000.0 10000.0 10000.0 10000.0 10000.0 10000.0 10000.0 10000.0 10000.0 10000.0 10000.0 10000.0 10000.0 10000.0];
