nTasks=100;
nCPUs=40;
rt=[4119.093158772459 4334.571611047089 3527.1880371486 2046.6287848262257 3827.3636233992383 4805.491034306353 4964.699428841689 4945.51888687166 2079.277185439485 500.4197933969406 3238.4929633694774 4837.7978278851015 1780.4488306759752 3204.0096355170867 3637.1060701329825 1532.5545893254205 4668.329404306953 1169.3614836885226 3383.8613146732405 1866.9588977184173 3385.0736727949134 3756.4404045661154 2930.0707645614857 621.2687856474436 4217.139896192131 3800.3173745714175 4958.085173993678 4856.0200281156685 2525.097452572705 621.9259360395467 2053.7631901210366 3774.7184925692954 1953.5764805328056 3562.1148615950997 2134.040296016272 4597.120792837673 825.9385154680281 3441.487816730941 2185.011731020742 3950.542626900444 2100.2975920761783 2807.796628555621 3249.829038721408 1224.2143909892816 3545.5082181876955 2033.4571817355068 4124.230341735458 1732.6433773970252 2330.301857212618 3077.5559923370665 1628.7879938199947 3704.1316911051254 1689.353299832618 878.8292821208986 1187.1229169506191 2938.0159006764598 3812.3911913296106 4356.526327608637 4735.272174697065 4877.189122669812 1312.6783057216817 3741.741056365828 2050.5601723540994 3877.1178565930622 2620.223965035447 3570.259213710938 4555.331342861291 2978.9707548912074 528.8684456813795 1983.455108649602 1556.038703172478 4477.526871068276 1396.5837224492702 651.3832763239261 3103.160390858995 2192.9837701733413 2831.0342195791495 3022.948066761479 3084.0111170388655 805.3709205493574 2859.4813263019346 4962.470794693009 4033.277407677488 1425.84402026601 4607.944372591862 1417.0900987684959 3121.7027307250464 3152.392662640202 2798.266963033915 2880.4954818679203 4415.845721191919 3816.570864118652 2953.4650875053644 3690.0779636336206 1469.2593843545083 4272.775334915129 1391.8328827350754 3901.701880680934 880.6398517228826 4292.756261063159];
rc=[10000.0 10000.0 10000.0 10000.0 10000.0 10000.0 10000.0 10000.0 10000.0 10000.0 10000.0 10000.0 10000.0 10000.0 10000.0 10000.0 10000.0 10000.0 10000.0 10000.0 10000.0 10000.0 10000.0 10000.0 10000.0 10000.0 10000.0 10000.0 10000.0 10000.0 10000.0 10000.0 10000.0 10000.0 10000.0 10000.0 10000.0 10000.0 10000.0 10000.0];
