nTasks=100;
nCPUs=40;
rt=[2540.908952505378 2619.1368753390775 716.5724175212721 1997.1679563376947 1247.4807324445608 1431.6415396397842 1568.0280591583817 1443.7066347874706 1739.3797326594986 3253.03377275322 1975.1965789691935 1131.9278315400456 898.0781798529514 4020.3242291656493 1339.8840262320489 860.8572833750744 2557.1569883657858 1012.364160503471 4783.208447920893 2255.347043034416 3833.044493429646 4169.395500606104 2386.16010337427 3379.726062835026 1774.750213046963 4455.293114900853 4348.920595986912 3830.3220277398777 3618.183059120427 4333.180652086128 3354.1052778799685 1460.1411080816524 4264.083593141577 4835.259697426887 4842.328530155899 4476.945260461258 744.7505771977967 1063.778318665762 3309.527778248537 2998.8185815164798 3633.4045747211276 1205.476872357196 1514.7575525281763 1113.269610247726 3670.993092333093 605.4905723292981 4821.089872155134 800.5385686140762 3343.3703193998513 2741.226533525799 3018.535945259225 3598.409345289901 3404.0915946712657 2555.0819121553827 4888.7397430439305 2484.5150311340008 615.0464069158171 1288.2380624904122 4393.9517618867285 4922.955879976028 2051.780197366857 3395.143711076041 4340.906636259679 1775.6533350427512 3639.6277545005128 4474.669073804018 4682.742543280639 3224.926335428696 2663.566814358126 2205.9316320155067 1522.7328056119957 4710.628845850465 4570.289497652923 1836.7904508997885 4789.107669308308 2184.186230381715 1571.6744759300943 2358.1350076874996 4490.349216705707 2516.9681326906116 4090.879651831484 4911.577198725358 4001.330469124609 4420.967276555033 1712.5555537701014 3109.112158705406 1512.933121622068 1536.6318862564797 2276.2852569161064 2664.491468641627 508.07816147735537 1888.5679221818566 4774.180605536047 2590.3965272502223 2944.0505876204975 3400.770494214026 1661.20312296173 1326.9838490922355 4692.199443988321 1331.2127126454452];
rc=[10000.0 10000.0 10000.0 10000.0 10000.0 10000.0 10000.0 10000.0 10000.0 10000.0 10000.0 10000.0 10000.0 10000.0 10000.0 10000.0 10000.0 10000.0 10000.0 10000.0 10000.0 10000.0 10000.0 10000.0 10000.0 10000.0 10000.0 10000.0 10000.0 10000.0 10000.0 10000.0 10000.0 10000.0 10000.0 10000.0 10000.0 10000.0 10000.0 10000.0];
