nTasks=100;
nCPUs=40;
rt=[2936.8897078096056 1599.046689957654 2851.935843308296 3363.491443392213 700.3788858323926 4575.504006128924 2370.1700869493206 1072.763111091679 2402.697703443914 521.0754436970133 790.5715586962492 1289.4227563903128 996.8599536186309 4377.067575488041 1191.5445622573848 2975.5261573720136 2534.366437695924 2982.308240842037 1783.4171320852824 962.3738375857297 2643.676457794763 1523.0937440220014 530.659569838114 710.8330064223888 4026.354408239216 4363.897609690293 3777.664992859253 2153.5518006731363 1411.3955919193322 3895.338425385395 3698.4966500676464 3018.72941569355 1438.4231882619383 4948.0534327217365 1471.5547693525455 4424.428093534783 2662.5631511238494 4873.221145179515 541.4278928460268 4862.282242215905 977.2549327102258 3590.426308346287 1334.4219463030581 4046.6268987642907 832.8774609634249 2373.469698041212 4341.181691583721 1027.6623622464754 608.9815207831305 4781.824894693483 3197.8592510121753 2586.303408791864 635.352363059591 3447.243955342735 4749.511045733173 1451.024304777653 3247.511580283994 980.5576576828705 4921.531952065957 2144.258798103037 2720.128828026994 4869.616763354427 1985.7531687622643 4970.15628721632 550.3373061461875 3127.0719020251126 4429.982957955019 4961.212615956856 4281.534923850202 3054.162817841504 2193.3771022363726 2526.5374116478592 2358.2771395967684 3557.233756783993 2200.156185598711 3274.445395753927 1639.3074193627374 3378.2566847183843 3368.0380047435774 4536.900088550971 4853.6706996395 2398.792009113599 1950.1634495232975 1304.4991769281323 3047.523426709138 3066.461291298372 1682.2437297617912 3667.2630751661436 2735.658951449933 2302.77748223433 4851.077565300166 4129.939542791647 1227.1997432752798 2974.0103241028883 4137.271360088189 654.8711090896245 3176.335755376365 2783.0789301034897 2789.69789625479 1480.4636603772146];
rc=[10000.0 10000.0 10000.0 10000.0 10000.0 10000.0 10000.0 10000.0 10000.0 10000.0 10000.0 10000.0 10000.0 10000.0 10000.0 10000.0 10000.0 10000.0 10000.0 10000.0 10000.0 10000.0 10000.0 10000.0 10000.0 10000.0 10000.0 10000.0 10000.0 10000.0 10000.0 10000.0 10000.0 10000.0 10000.0 10000.0 10000.0 10000.0 10000.0 10000.0];
