nTasks=40;
nCPUs=15;
rt=[3260.273277379442 4594.652519229447 2290.535712155899 3167.102545614738 4039.1362370247903 2266.2290253038313 2096.75520149612 4251.0862746937655 3117.8902937860116 4621.988776145478 3360.086525658777 2514.227347616332 822.7640991480906 1039.768440797773 4529.34970421176 2924.012335535986 4278.2519492902475 2275.1330471795045 1602.1470421298438 3270.787906016346 3446.383892461431 2402.505358648553 3128.5070305107765 1936.9284248084425 1492.21044325954 4624.773316782824 4840.778013884181 3793.0126949337396 598.3765580553128 1143.8521010024238 4526.526840046352 3894.776812846089 3084.423220668931 1973.759289279566 3203.4536307038525 2940.8633472503884 4227.71913197504 1820.2920396120312 4388.440511003419 1065.7872324403365];
rc=[10000.0 10000.0 10000.0 10000.0 10000.0 10000.0 10000.0 10000.0 10000.0 10000.0 10000.0 10000.0 10000.0 10000.0 10000.0];
