nTasks=40;
nCPUs=15;
rt=[4955.973844298123 1447.0816128209992 4817.191099032535 3160.02354658483 3497.422965338775 2900.7568429206312 1298.547639190358 4684.82250346459 3575.938833637687 2649.7656722907304 3919.515936225165 975.6676534684937 2022.2414540944712 1014.6922141924664 2507.8857826609956 4669.334143858701 2190.671307817536 3089.9931111549267 2869.340063650101 2166.9731394676774 1277.6219464174796 1819.9717035390302 3646.8373029453787 2503.8274444310505 4384.108448418403 1355.9338842941143 1445.0562714677123 2590.183595787205 1899.6041872889955 2608.2362786112008 837.7904774944302 2136.6875580030364 535.4497856308535 4231.00349297207 3221.4627275949983 1966.4663300539778 4005.697527782616 1930.3376059992718 4760.420270741339 2722.051606690024];
rc=[10000.0 10000.0 10000.0 10000.0 10000.0 10000.0 10000.0 10000.0 10000.0 10000.0 10000.0 10000.0 10000.0 10000.0 10000.0];
