nTasks=40;
nCPUs=15;
rt=[4436.282079618962 3487.4460865151877 1078.023520989375 4704.636706381576 3570.3938664271786 3870.6142593283416 3733.7339437105447 691.7375487784934 1313.6807765611427 4641.214324128414 1382.0063113685214 4060.093149632487 4245.592016197765 679.3516940344886 1219.2617627560348 3471.147507147915 3872.9050623354215 3328.8226039235287 1552.0797757956882 3871.2459318708593 957.0114272071463 3386.1417335067795 606.9315677738504 1050.9606297361602 3326.7198448578247 2341.2172105101567 1508.2476412342403 1896.4101283995785 2543.72053269698 2010.9244030350203 4459.411106960477 2856.216432768747 2591.408425270149 2072.9423510888437 3355.4332200765202 2148.9460638800447 2394.4439039716763 610.644237876772 563.4187766842397 3877.437922351929];
rc=[10000.0 10000.0 10000.0 10000.0 10000.0 10000.0 10000.0 10000.0 10000.0 10000.0 10000.0 10000.0 10000.0 10000.0 10000.0];
