nTasks=40;
nCPUs=15;
rt=[3067.794706931394 3113.6565900748715 4236.971566499045 4265.798326389569 3029.144090693225 2788.9145057134165 4757.285109459318 4038.914924374094 4920.089696238361 4238.909509831994 963.3096900667881 4014.536809866725 1516.1885393634668 3863.059238851978 4545.918796893271 749.3598592480533 3941.8484552193913 3827.835675429049 915.0106473940189 4080.5091390149146 765.0721370755784 4383.5693713718065 2958.989765345485 1285.9100975217425 3481.8626983967933 1105.4043188562223 4301.208260588726 4219.315215257295 1585.769020284059 1363.962626758992 2174.5690824022136 1507.998098414833 2580.1252280211106 3115.136802556594 1751.601005079649 822.6864692815906 1803.7344724522984 3925.561787149123 2676.82234652586 2516.2118187780216];
rc=[10000.0 10000.0 10000.0 10000.0 10000.0 10000.0 10000.0 10000.0 10000.0 10000.0 10000.0 10000.0 10000.0 10000.0 10000.0];
