nTasks=40;
nCPUs=15;
rt=[4919.508839919965 1163.5424305886067 3700.0506491222536 2024.8989339520026 3489.4149282669346 2217.117306818672 4696.019869915168 3477.835085406471 1876.654214925587 1732.1838059723104 4253.087715582671 3724.8117438428885 4602.239031067747 1718.2884072609045 4598.13444959827 2538.1264419161284 4039.4494918376886 2984.4492544884383 2025.3902414186741 3570.0994086597852 4726.581723754211 1167.1138826401757 562.6323335931049 4325.051268771656 2164.41814615065 4869.580030831534 3089.7230933897226 2275.750961874265 668.3932971996359 4210.729506834357 2696.7912557892496 1096.1812913381557 1716.1004582270566 1883.0583713609988 1942.3953198957875 4212.96174962905 2006.349629679014 2167.582181782829 977.1841049799181 3296.610107805894];
rc=[10000.0 10000.0 10000.0 10000.0 10000.0 10000.0 10000.0 10000.0 10000.0 10000.0 10000.0 10000.0 10000.0 10000.0 10000.0];
