nTasks=60;
nCPUs=20;
rt=[3157.285683484342 2663.8566227307424 3166.4708547868586 3770.450951215138 3108.9894916666162 2821.27728276436 4265.979078751056 3869.630302574844 1081.1811278412715 2695.374019313977 2798.9139376396624 3974.943589989277 1056.2491168677832 1063.3742698849678 3410.4459550705933 1594.8078785421862 2960.1814426501373 4779.99007778138 774.609234655637 1597.1203411730546 4675.921773671267 3916.3964629193697 4950.03926464345 3688.610210682003 3982.8439057371597 1499.354506124842 1695.4118209857859 3147.6131394813024 3106.831028635379 2650.412260335186 4806.696815443861 1043.4735436930653 3132.905129028265 3000.703084101797 4106.934777808401 3709.429716681429 1350.6925011261108 2123.4376278487407 3308.344822289086 1851.5046857903233 525.0533041940326 1372.6767309262675 4777.570913796501 2828.7050412541835 1078.1786904463447 546.9935243877817 1166.504880782355 3318.240281587469 1654.516373779177 999.1364399379424 4255.362408567258 3454.5868978574163 3166.244610361178 4003.316344483758 1173.7356040386226 2674.507793823955 3508.7888372894527 4757.754620014326 4270.207292443372 2640.5937973989926];
rc=[10000.0 10000.0 10000.0 10000.0 10000.0 10000.0 10000.0 10000.0 10000.0 10000.0 10000.0 10000.0 10000.0 10000.0 10000.0 10000.0 10000.0 10000.0 10000.0 10000.0];
