nTasks=60;
nCPUs=20;
rt=[3756.309266072555 2966.0568022076604 3901.478530860334 4441.109434125594 3485.0683063455213 1051.9578518158698 1161.1678287654968 3773.466616497245 2759.1171718229157 2762.223473932865 3494.0759262015818 2020.2439019036651 1629.8884640780434 3164.2506572396833 640.8346733298979 4095.001000094861 4704.995661653529 3210.2358137925125 3489.9729513045763 919.270412238252 4093.4472368874876 4905.446713870078 2115.947377131468 3689.0926960067654 4010.8543500271808 2546.7131542126426 1391.1235186484496 3992.944419150019 3182.633225372489 1482.264069761526 2008.700087222875 3257.8267556524115 4219.967979031123 3407.768754414639 1571.7404377931425 2729.7299230596327 4353.936311718944 571.9380346730285 1880.178384080401 3620.621556330793 3846.2557872690536 2564.784081502698 1293.4223548357413 3449.4139743212463 3865.9331559680686 866.8152717389154 2551.1169602482055 674.0594004872023 2310.3934927770315 4150.907586734013 1394.2106751719587 1721.6790388132697 4887.31568769776 3493.8060459731896 757.6116911744505 4561.1509727881285 4689.335740406201 2223.47908085961 4311.345644263158 964.3223438468253];
rc=[10000.0 10000.0 10000.0 10000.0 10000.0 10000.0 10000.0 10000.0 10000.0 10000.0 10000.0 10000.0 10000.0 10000.0 10000.0 10000.0 10000.0 10000.0 10000.0 10000.0];
