nTasks=60;
nCPUs=20;
rt=[3715.380154615802 932.300325113458 3049.110728889824 3243.189093257676 2747.8081135411353 2040.4979775803859 3864.6929039873453 2839.6740896476304 3325.9452399998922 4329.164866290769 833.4116173436864 781.0676018529779 4286.349362323277 2906.8675237767297 2611.363539393611 4024.5913296149006 3673.998817903555 864.6846505899132 2532.7775285973266 3963.058645422704 1539.8467525514222 2276.0503955340805 3202.270716341542 878.8663480046879 1608.37966263376 2993.9861778661984 1138.9935885527175 1565.894884527315 1426.4415927408927 727.2867647196775 1238.363024494891 781.4967849770767 4782.0965754005065 1629.20942212653 538.8576525744354 3846.1431557268347 3325.152268331187 4779.9381729314755 1981.4712104289367 2940.400365083842 4552.915449473097 3052.2185807287574 1407.9606330534398 4810.105716405828 2639.147483728262 909.5265352459273 1622.8546658188557 4015.244975746941 3237.1179904355786 2990.0217244590513 4512.569555279522 1295.2908596276238 1596.2598007195695 3199.6629039488203 2723.2315405438544 3871.567001385333 4542.272918482755 2164.833346570481 899.8405388488975 1317.7748813301969];
rc=[10000.0 10000.0 10000.0 10000.0 10000.0 10000.0 10000.0 10000.0 10000.0 10000.0 10000.0 10000.0 10000.0 10000.0 10000.0 10000.0 10000.0 10000.0 10000.0 10000.0];
