nTasks=60;
nCPUs=20;
rt=[1808.3368379204078 516.0837190439407 1176.8406073812062 2017.2935152219725 1601.450343283922 590.7869520088143 2775.894528772016 2711.826736490895 4174.662389637279 1120.2709210569856 2553.4641308905916 2309.2274046539424 1557.160160209523 1158.2061726323982 2433.4043680921973 3178.970497611585 852.1584869404168 4950.252651854959 1928.4514902677254 2541.6939178695793 1979.0864051700373 2792.7864785239753 2838.8688176918886 3311.8150356767464 4422.992517239482 2496.8632301733132 4614.464501715867 1179.9911977730571 2976.1500521477597 554.3259217481105 4723.492997726947 2137.1372208377497 4022.224542238243 3512.9042684134006 3544.970099144273 4364.817394628242 4903.783980693953 3389.4936632807926 1422.2414729366099 3204.1246407485114 3590.2457165789206 502.36087958649813 2965.765077883938 2453.3538208022064 3827.396433855338 2100.7024259522077 1411.2716324572502 2800.04287764257 3876.684780728702 1355.6077731452622 3140.6826625448743 3114.066074659583 4742.499301031072 4124.087823570064 3261.950632929279 3732.2550377484777 3551.497320960253 3246.343553755333 4013.79143317173 1535.5029111681702];
rc=[10000.0 10000.0 10000.0 10000.0 10000.0 10000.0 10000.0 10000.0 10000.0 10000.0 10000.0 10000.0 10000.0 10000.0 10000.0 10000.0 10000.0 10000.0 10000.0 10000.0];
