nTasks=60;
nCPUs=20;
rt=[4412.087589716077 829.9742139449504 4858.1077672206875 2671.7381483945173 1382.7137695327206 2279.243069601144 4708.3871527087385 4840.085768994913 1236.296027239522 1553.8298844349758 4477.908974524146 3166.0110403600847 690.0234027990618 3295.0422576377027 1508.4935108713453 4058.1914385320047 1147.7656351564601 3651.713337805574 970.4423387868826 1171.7768681877744 1558.308524713375 4040.1555430894336 3424.9654532298064 2910.046839156788 4860.787181140734 2501.2222855880077 1613.8092849227362 1160.48205281727 3086.2567463289215 3970.8600360993814 860.9299430710834 3722.4305698939493 4254.924201774857 1731.1246280855516 1643.4322468707312 3380.5244032235346 2055.746700669772 2880.003344144863 525.5990897491716 2582.1132312847194 3028.4257817423827 1167.190231718995 1119.373628152976 3045.463388305698 1933.9185941009343 2435.438337821541 1867.4426384056505 890.5572381108223 3104.0060415947914 1551.810363538474 2964.75391928447 1832.087279944562 3630.689374968754 1196.2320332547533 3942.4269506932997 3056.760621225856 4057.295008451318 3349.538754131239 1918.1341299348849 1149.2781043900563];
rc=[10000.0 10000.0 10000.0 10000.0 10000.0 10000.0 10000.0 10000.0 10000.0 10000.0 10000.0 10000.0 10000.0 10000.0 10000.0 10000.0 10000.0 10000.0 10000.0 10000.0];
