nTasks=60;
nCPUs=20;
rt=[1123.1176115685098 2233.681475474121 783.1568053464623 2402.844003226323 4024.168399131157 3483.26112735618 4701.014348828861 4947.4339136614835 3059.961606094048 3349.11276422452 4914.156246413255 544.2099917579593 2284.1173578339403 2417.2485704164674 3803.3662573197166 2949.6003115596914 881.5231943985441 2296.8996205696926 4328.730416718385 2387.03107232925 2356.720131469736 3702.3406084413796 3229.672433379674 2306.717615971628 4604.469241484492 3126.405010469811 1228.3236638277624 3451.8227827551896 1915.9832160993412 3044.634724061956 4597.023967338606 2107.144752228288 3195.820191218481 2924.210935490173 4681.978148141087 3376.254370872507 3309.5251820821327 1056.7411506758278 1382.260628070504 4381.28059537755 1868.5413260830271 3000.289551688524 1464.4596287454299 4033.2852197949496 3550.6158152054086 4466.885380901194 1123.9065127038727 1870.6575556143587 1782.9713248240757 3312.667572820311 2782.492042629227 2656.2533147577997 755.307806621702 3313.207448008294 732.8185890305058 3751.9877752315847 1905.3577025436016 705.400838018788 3497.0352027973017 3438.230816046154];
rc=[10000.0 10000.0 10000.0 10000.0 10000.0 10000.0 10000.0 10000.0 10000.0 10000.0 10000.0 10000.0 10000.0 10000.0 10000.0 10000.0 10000.0 10000.0 10000.0 10000.0];
