nTasks=60;
nCPUs=20;
rt=[4704.702699210304 826.687974435863 2851.191573082969 2761.960661025313 674.931199272087 1683.1922496317543 4685.159351259959 3693.77019502284 1005.3330131115309 858.8191240374451 506.39725767892924 2242.3890905771195 4924.478217253898 1944.2305307908377 3839.1457794589 731.7211270174691 575.8854496304244 1422.9363402519216 629.6669788981214 3569.4587443081214 2618.996739674464 1158.9943328037818 4472.421890901063 575.0830869162849 3139.389825022056 650.5680507645721 4089.982195348469 2905.8501944033537 4366.780352384352 3679.2723983946867 4450.858385681436 4469.1764348981105 2360.1675444604098 4916.734335516688 514.1096151842518 1819.6946683128049 2605.385365386317 4985.342554849037 3630.138897478922 4866.650631987338 3075.4261349402414 526.2825719277146 3496.71070367506 4499.0671158374025 946.6139203010684 1346.7974782662568 2296.729008467604 667.033583334809 4665.659381399899 4782.6592792181345 1616.5655267925433 2861.1900019726622 4292.841943899119 1087.0202877869815 531.455607270108 1165.9597344719327 634.2460720099725 1956.640471756246 3596.6862078542003 2885.9418609932845];
rc=[10000.0 10000.0 10000.0 10000.0 10000.0 10000.0 10000.0 10000.0 10000.0 10000.0 10000.0 10000.0 10000.0 10000.0 10000.0 10000.0 10000.0 10000.0 10000.0 10000.0];
