nTasks=60;
nCPUs=20;
rt=[3863.1482946219103 2268.312491687667 2583.5922272945368 2312.583252744957 3664.0850976725037 1410.41414361159 3193.554222711455 3681.2399110035994 695.9034129042801 1143.2404206375331 3514.25787084201 843.810196585584 2424.4720007819947 4752.701261250108 3161.870961938544 2418.2969556586722 3221.808356754864 2188.71948897358 2449.5266489599353 3526.352433548903 1689.8296302252202 4199.800527020583 2808.4275722347857 2350.0506459641433 3002.10126742988 1225.6372546686994 510.8044001854703 4132.774642663157 3698.5569039603934 1576.4376497417545 3554.736878822676 3066.151440134954 4105.231158712007 563.8929492407256 1589.5538954712385 2895.090408959216 2624.2785230303775 4386.641710874808 1774.344393191974 2585.6477294742413 3066.9766407545158 4022.626607712137 1418.0150727502642 3474.355523489159 1108.4683152438963 603.5398320935011 931.5279755080977 1990.6389337337685 763.7008699575065 2812.4800976889906 4689.425120065521 4146.074998971999 4198.5012305092805 4667.95081435328 1312.4320437291826 2886.4325844508085 2768.273149671096 2563.3679381241523 501.27987419832283 693.9467328235403];
rc=[10000.0 10000.0 10000.0 10000.0 10000.0 10000.0 10000.0 10000.0 10000.0 10000.0 10000.0 10000.0 10000.0 10000.0 10000.0 10000.0 10000.0 10000.0 10000.0 10000.0];
