nTasks=60;
nCPUs=20;
rt=[4109.652418931612 4120.875548908911 3292.94627645679 2242.405418342807 1567.8248825785806 2134.7370103560897 4715.741496726852 1927.3104178386147 1305.5353879395884 4748.0029296823495 1632.0148160889876 1985.7461840633891 2619.4380929959384 3640.325483378879 3931.986330909617 1454.0177852471409 2522.506722009399 2365.373533596463 4628.494035079954 4039.643782839209 3026.9101608589995 4721.713139903453 4711.997274824922 4341.683008608103 3753.840075721183 3431.356859687929 2439.5101989969053 4038.8404841043985 4835.190451490813 3863.770654146026 4964.2900125669 4782.889386455722 3525.8711933069244 2913.9221174975637 4844.063652195263 1798.0461383327147 2498.201069943103 3764.381379248901 4800.572771667081 1085.91352558595 4688.995783886776 1499.6276388913584 4507.330669402056 1929.7817405687663 3041.671485677787 3512.1747340353036 3620.5459929607673 2033.437501474746 2924.578116669481 1196.3694318133012 1685.097139661513 1832.828628459488 3556.071558774797 2007.4141805705879 1012.5119943648955 2315.2787797929423 3374.4694243985778 4851.258237487904 585.1458685956966 1782.4655967839226];
rc=[10000.0 10000.0 10000.0 10000.0 10000.0 10000.0 10000.0 10000.0 10000.0 10000.0 10000.0 10000.0 10000.0 10000.0 10000.0 10000.0 10000.0 10000.0 10000.0 10000.0];
