nTasks=60;
nCPUs=20;
rt=[2515.218878672228 1562.0678425371605 3373.8963922521903 1582.7097028823857 2312.689380183553 802.3922061158366 2953.1251211805334 2466.949329783574 2752.9682301533294 2338.067444806701 4042.028570404877 4426.172782675652 4212.138139779099 3750.4378060952417 2501.26502730866 886.5276483510218 4735.348369562265 1463.935198908659 3057.6320915089696 4888.64913633225 4630.797719186988 1483.1945133721263 1473.120482463532 3850.7450337585274 3538.915239953048 868.0070370321532 1448.8731004697233 2631.0114117671296 2458.4688779157877 4691.272121252592 2495.0445164463445 1887.4822213626237 4698.361968971028 3192.2870840231 1276.8826301695412 4219.016638869436 1375.1038355583264 577.7117266294065 1779.8852773061221 2167.416176826895 839.7166411375357 3512.5187937397113 1095.7144569148704 4139.871541943268 2752.3999574544955 4593.749122078805 3519.73156323635 2629.9936478869404 3236.7472310822877 3927.018636334343 1203.8639350833819 4502.017688228141 4934.780177606868 815.1811874848944 2125.462974790615 4906.383001354452 3935.19158770511 2789.851564959798 1396.6400256224194 3011.7612863030977];
rc=[10000.0 10000.0 10000.0 10000.0 10000.0 10000.0 10000.0 10000.0 10000.0 10000.0 10000.0 10000.0 10000.0 10000.0 10000.0 10000.0 10000.0 10000.0 10000.0 10000.0];
